$ANSIBLE_VAULT;1.1;AES256
38323966363333336565636130663861633463663161313039656139363630656332353461343330
6439653134303162396531303835366662323337333934630a663937646233646239383339376631
30373961616134323431646430316264373031373162363064363864633734666630373833316561
3235326563366164340a626531626139393531616166393532326562636161336635666231643963
64326436336438646330363238333566653564306134656531383932393365643866356462373665
36393365336634356138633765356665303336343565623137613565386163313961623438646265
39326231313934323436356131336439646165386162613738313165306238303530656438353836
32646635303762653936313737363664393631656639353933346537623963386461653336393632
65313639336430306334333862316466656561613735613031643937323931343139353331623931
65336334376636376465323038643062333435343533323632333762383432623038633533363536
36383036373231383236363131356434656635613864653661393463393037303132313831663661
66343562363437323632656437376461656361623036306564306130656435626539386339366564
31386466383839303738643632626438393533346662366165316134613838306562393339343835
38663865313835646338633635333237613863373834633232343938303164616439396533396631
30653334363464646633613733366633663139613533346234623238376133306332653062303538
66303135623863626363343564613165653961336165663265633065636565363066386561646264
36353261613530643338336533356437656632313136366533373866616636643233323366363731
30303739386130316330643233323232393136303039346338306262343136636537343062313837
63363961313030346564613433353738613334633035386535663635636163313365333162373630
30386331333335616237613132663136346664326230366339353231383734313963623038373461
34356535313236313033386434343230346162323037316130643661656136323439626339663333
61643531323432343133376131333331396230366238366536383534336566633638663239666162
38633937386661656562636463626464343832363935636137656432346438636335373763393835
63356235616133663862653430323532366532373564306334363935633162653531663238346664
64326137623564633030313135623735333337306663313238616236643337333439623365306138
62393239376636646362613332643765633262326336386130306563313130366363616563643831
64376238633636313363346337346366636363386430656330323931616461653835393339663165
35326363366133373366343339666638643135666132393637396632303837346464303665383035
65653861623063626437633031613738613734323034393639303938356334383338346465303838
63366238396330663037376337323130303661663462646132366561393963313664383636323030
61346566383637376437613634333932376134333365396464333330343661613033646139313862
30313236323862646563353633633331663762646539643433336338636237343834666337346639
66363733363865363734313262653333633237346538383435316464323130636463343464653032
63383135383166663836343438616430326530376562323764343461303530633138383661386132
35373364666636623962666466343362393262376239623965663238333135626565383163633830
64653230623030613466616139666634336562636538656331333265323864313539623165666163
30346332323536343632613536396237303536653639383038343338363038323230306366646463
35663130633265636639643634313033653736336664646566613639396464636137613365326535
30346466663861626266663536356634323564333030353430636638343035303439623365373731
33613531333538336262636465636162303864643434383537303032303065383237386338323366
34366236633735633164323864323531643064393431333961653334376632623530306639366364
31346130336237313135343439623334653863656464616636376163313462303435346234326661
34353935653461343737336130653431366564366636323630653661623038623830616162616361
62396263393261613936353766376630376334306635633564326335366333353536343664656439
37666130396231386365343534373835336635643736626237346266623766666132623535386535
30663634353939333831343664363361656630343634326566363637313266333831333666336334
61316562636531656239343336333766663231663333656233653436623363353132366335356362
61363932393461316663616164626133306636316130623034646366633863303335653266373765
39363534396663663530633364396233316163613865633034653334316464376562643338333734
32383961363837623161613032326136356264333339383230373363393334616230343131616336
31393231613264343738663561306162633436333736666463363564393038666163383032306632
34383439333665326132616632636536616630333064303232356630303364616532313432353162
38313862646663306231623036373730313434353636343064363866643431396361643761353932
34653463303261396664666131653461663933363364373935303933346238323938623431646564
65353037663332653237373063323936303261643864646265363363386634383235656231633336
61303736343963373462303233623731613634393764656461303439393838646130653638656238
62303263303966616266613037623030353331316133623636343934343933623666306333613132
30333363663733633530623235316133323639393663393639666336303133396264393966663632
30633161616134333630663865643933396338303634366265633564643936313362313239323037
62386361613762346434366562616161336437386631363230346464653036376261363366633061
35303235353237396266333834653536636466623330383338386439303165643039393034643533
37636164636138613166323230323438343130393738633732306132373737326662383831636334
63393439613131393539623635333263393261316362643233386336616438326665386331353664
30343839653039343936306464373262373938376264666565643066306635313466376561613732
30316139393733373933373031346463346236663063303166386639373564323266313937393764
39343965666664626562353734393839653232613639653363623264626236333431343235653730
30613134353430613134633466343963623965323237376466613438393230393130633465643836
30303934346232666537383439346233333938663735383966363135333266343937326466323464
32386337383061383132663531626335326639363162356165396630613939303465303238306130
36633338303233393335393439663366343633313432343964356563363136356635616238633566
38373030326438336533326165646534623432323438373430663837316663633735653034656537
31636435646230663930376233663531303161333839346263376361353962366464333633643762
63663036613666643739643135356532376662363662333632373134613533656438386461656635
31623661636132393061373835333234333132323439633263626631303738313438633962633334
35376363306231363066623636386636323030313833316239343236343432363263333531663936
31663934623039313134303465633162363839353763366364636230356664376330656435396630
37383939646462356638353431346137323838336666313236386661316538663432653038656333
63313765626333353465373135393733376335393234613130326337653663346664343933343938
34386339383562396633323830363266316137346265313863646432363766383039663731633063
36323563303638616636356131636562613232613438613435383765633839333531376461653365
65646338636636313331386266646665333639393865326331333134313266653361633765346362
34366437383232666337353332376462386665323339613339663833333535613130663561633432
31353833633130356431663835336365623639326234653461323130613933636334353263653439
35353939633837313939313139383762333738376666306363633731313364623631656436626431
63363737373639363763306230326136313033633731633033306465616663336232383161623836
30633161396431386631656564333030363036333536646532616532663731656130383537356566
33646634363765646663316232336138376462663065616137636532636133326535643965666466
64386466633065353464326631326239313732336464633461643139333539383265343439633364
32633736353837653833636235633331623165316433373366396331633862636266633337613433
32386631363538643164303830316234353366323536633931316131366236643061303530373035
33366234393934666563316436626236333431303236363731303933643036373333353737353761
61313732376635623030356263653332666232326264653630656566646464646335303861636237
34366664663535363835303964356661366235393364643937316365316530333833386663653964
64323734373161333866323836663237643162386532396461383133306365306333666665626436
61333830313739343230666231633337346538613832343331383861366363366135656135363162
32323565376136313638633838353738366232333535623734323538666131393734353938313533
62303866316132333761633634373939616164363161316534663633326266656635313330396164
39356134373736323336373563366438303238323738663433383036303465616563313232336532
61313764656636643839306238343735393363643631373962343239366566656465653331616533
37336566653530383930306536363463613861376533613530373738333166303832393730393637
34663832613432343039613165313232626663323934386533336234356265613564316461303362
30393335356134346436633936333733613338343262303931666131386461383763363537363464
39616464613432386335653734623666393838373466623766653430633736653732396163383239
39313236666434653538343632623135343166363463366139353032376136323739366264643836
30306134396339636234376532376333656339323832613432383662363864393835396335616435
39393762313235373466653066376662303032656461363938366566373730636536303731353434
66303833363031643964623736353661663264383033623336316565316362383965393665633661
37623335613638613831636164346462343237343764326436353331386433303131373237663038
63613931636135363463363034396264633234303234383266666134646631313334346332633862
35376535303464656437316338623863373163633233386233393061653965313265386231306161
30323362353738353264646335353430613935336634346531653263393662353430353130613639
65633037363361653533363836366337323636393763653639633635616639666337663562376338
35663235343435353335633235376334393534346136383134386632613761346261663461336235
38613438333934383262326534356562623564393562373361313837613930646337303231323361
32343339393636656335396133316634313030383331356335383136326465663834383537376265
65643536663061663237633530326430636638396463393465656331346663313235313636313333
39366537653239393636626337343337393137353962333432663530666639633739363565636531
31636135636264653661336438653933616130386463383736653533386263316233323339646665
63613332393961393766323335626430356333376538623763363432613530316335613031613538
32313261353230346663636663343831353137363131653331653737303336303832623037633039
32313735323764326361643765653765616662313466653736346137386130613761333234626462
65373037656139356165633839303230643066643861663031353532656539303135346266363463
31376264376362303364346233303863323430353237386362326564333563353732336665383539
63333134323565373338343862643466303935393364336561616566363935333737626561626636
61616564353063323738336561646661656337393132306366383930623138386635343731366234
64386633663638323835646234373838393537326437386365613739313935653835663664356563
31363066643638303030616339373233386535376431666133353666393330643131383830346431
39333761646364616634653938306237306230616465623736373539623731396132363737376532
37326566643831623565643962343037363931373265666239376230333365663132663865653232
33363839333830306664333135663962626231363635363935323736383631656438633730623135
65373765356565303032333966303730363631333365346534353631636162326166623438373931
38613031663964663831393831663334353532666332383335376634316330313462613938313933
64653234356661346439393761663031633636363630623461633364613335623833336462343438
30323765616637326639663865663337373366366464643934316634616235323437373336643037
64643930613830666634313064363161366433353066393937316535626165383862646566653035
31326265363862616133646133616263656630306635373039633862663432306530626331353137
30396232336262336439303031656234656131396535653330326435343437646661396336313332
31623636666263376633336232373766386265646237643561623233653763303431613032393363
30303562363966303064356161333935653930323632326566653936343132643761623864623365
36613232366439333161336230323234386266383832633732666137613339656666663135363236
35366465633538376134613538383831633435373332623532646333323932666164306564663539
64343661633864306338343531663162613433306166373431316565333639376637303064653962
30333134646139636439353838633836313539326435363930633566333338303062306363346437
61396537366432643536663430393231336135663034643665633236356135653764636530323939
61616334643038396634663839383262333263653362666136396131366263313532613736383663
32363864333432643537643761356137333337356135613535623731353532653061393865653938
38656532666637666164303062316664326562353166336332643534343534343333353338646138
30336134316666316662653831393230363861653633393066623337363365636562666636663766
34326565623461643662366533353032343933353865643761353435663138303662333263636131
63353139643430653531393937633732393538303763366633343732353162336132396661353538
66363339313632636435633331353434393032623066633966636562373966393038353532653938
35623037313235393936366633336635313561646266613630653632306361366637323662363031
35663966613939656337336635653138663062656134313862633933383339363365393735616237
37333665396238333536303833303964626432663931663834363365323039643835366264356534
35623737383335663466393738323439386639643433333036373832396266393664346534396138
65373432653966373835393138623262623936316439336563393663666438316632636537393635
65363362323066663864383537306236323036306139663631336161373239633833393631393766
65613562363864663030373464303833373238643762356363383833326233616433323265313733
33333236633531383562653263373437346263633336386530376433316262656634336135653538
34633739306565663335323530643933383233376634333666336264323865666266383665316530
64323136306665636363313137653566323337613934633966353866363264636464396566343465
34643930633732346434323436316239653663383334313862643138306434616636313233326138
35613734636266326232613937363339383031333264656335393361623066366339326462626466
38353032626531633866633261316634316435643164616236633065636437643761363433323537
66653732306233353561633132363439366134333863333935366431653165613065626438373336
34616134633739313531653862323931363832326339653130393465646563383933366133616135
61663739306261396538366430306365623739656430336435663539313962303139623066346235
39613239626135306231616538643138373762666138626666663163656530363336303237363734
63613831623132313438623661646534366264333462343636363232636138306662666161626138
37626338396130343735633238313264333435396331646536623766396130393536663065323065
35363465653939366337666138346630623935396637383263313330653631356464653462316265
32643730313834396464393434343931623561393930323061643462313530356133316366633863
62613266376238323431613033623938363661313438336666656139633631666339